3.0 1.2
5.0 2.8
4.9 8.2
3.8 10.8
2.7 2.0
4.7 3.3
6.0 2.1
6.0 12.1
1.11 2.3
10.1 12
5 7
4 9
10 11
3.0 1.2
5.0 2.8
4.9 8.2
3.8 10.8
2.7 2.0
4.7 3.3
6.0 2.1
6.0 12.1
1.11 2.3
10.1 12
3.0 1.2
5.0 2.8
4.9 8.2
3.8 10.8
2.7 2.0
4.7 3.3
6.0 2.1
6.0 12.1
1.11 2.3
10.1 12
3.0 1.2
5.0 2.8
4.9 8.2
3.8 10.8
2.7 2.0
4.7 3.3
6.0 2.1
6.0 12.1
1.11 2.3
10.1 12
3.0 1.2
5.0 2.8
4.9 8.2
3.8 10.8
2.7 2.0
4.7 3.3
6.0 2.1
6.0 12.1
1.11 2.3
10.1 12
3.0 1.2
5.0 2.8
4.9 8.2
3.8 10.8
2.7 2.0
4.7 3.3
6.0 2.1
6.0 12.1
1.11 2.3
6.0 12.1
10.1 12
